22.0094
185.536
1255.82
783.4
1317.36
2257.97
1752.94
457.652
1308.73
1766.19
196.977
347.878
305.938
13.8454
4.15611
0.467761
7.11433
50.0151
21.7322
0.723947
1.13055
1.03152
2.82553
6.85264
2.96256
136.451
277.142
33.1157
0.860797
0.499354
0.109637
0.0255206
0.0165036
0.12678
1.23552
0.897431
0.112265
0.140061
0.379465
0.644206
0.984287
0.712713
0.392829
0.303453
0.103267
0.0509004
0.0303282
0.00670405
0.00581232
0.0232741
0.0875203
0.471422
0.919109
1.16228
1.16509
1.17522
1.58308
2.0782
1.98408
1.13965
0.481815
0.148286
0.0367795
0.0183609
0.0871778
0.250856
0.600597
1.05305
1.08841
0.798093
0.903785
1.33214
1.38124
0.900449
0.397282
0.157781
0.0671888
0.0362485
0.0117961
0.00403634
0.010419
0.0504824
0.146031
0.186757
0.178782
0.710071
2.14066
3.28019
2.99895
2.12462
1.47347
0.757681
0.257415
0.0604227
0.0151261
0.0176988
0.0997049
0.292685
0.671329
1.79869
3.46001
2.25987
1.14653
1.17911
1.3743
1.53691
0.852966
0.344759
0.152907
0.0738916
0.0321695
0.14726
0.478187
0.666707
0.532787
0.652115
0.626177
0.507242
0.550734
0.582176
0.555638
0.604519
0.459903
0.326516
0.161862
0.0469477
0.00858616
0.0344826
0.166905
0.320049
0.706455
2.51927
2.97562
2.85412
2.16847
1.10461
0.787105
0.617982
0.462084
0.375906
0.300727
0.234137
0.13661
0.482668
1.22386
1.91939
1.38259
0.644483
0.903508
2.66612
7.556
7.82286
7.19893
4.96232
3.38588
1.47786
0.479979
0.0884006
0.0951137
0.410079
1.37104
3.71701
3.51435
3.24935
3.83846
14.0075
77.2667
81.6868
31.5381
32.3472
17.4862
6.95529
1.71836
0.218437
0.811026
1.67073
2.24304
3.49106
3.49932
6.40582
9.94498
20.6789
14.9693
4.85036
5.19682
3.43452
1.29152
0.745522
0.452426
0.0699006
0.162093
0.675359
1.3693
1.26114
0.653766
0.819355
0.798401
0.834202
1.02213
1.28987
1.32449
0.912413
0.611003
0.29673
0.109152
0.113082
0.766723
0.985066
1.2217
2.3259
2.18483
1.34774
1.22538
1.18454
1.6353
1.4903
1.01482
0.644313
0.395223
0.140156
0.0270727
0.0703034
0.227629
0.298779
0.610561
1.56473
1.64428
1.4752
1.3835
1.18818
1.32231
1.36968
1.25434
1.70512
0.812263
0.187632
0.0502671
0.117968
0.31403
0.365895
0.649035
0.929119
1.04905
1.39225
1.66895
1.2365
0.96217
0.6248
0.42344
0.189543
0.143565
0.0723837
0.0173775
0.0420618
0.123657
0.252954
0.597601
0.9136
0.738785
0.656574
1.27698
1.55681
1.55837
0.888446
0.447405
0.202103
0.159936
0.0883575
0.0206701
0.122048
0.347697
0.655598
0.839859
1.01346
1.25566
1.26287
1.04945
1.11297
1.07113
0.835353
0.642778
0.441719
0.217713
0.0372226
0.0138755
0.0922474
0.305836
0.512393
0.491241
0.459878
0.590947
0.833427
1.19422
0.947839
0.515518
0.443606
0.276372
0.231118
0.161093
0.0378131
0.0435208
0.139486
0.510183
0.659547
0.52486
0.480022
0.610848
1.36047
1.51031
0.925209
0.999811
0.417388
0.275156
0.259031
0.126889
0.0233817
0.0438852
0.169393
0.342
0.673509
1.21918
1.58026
1.40778
1.28572
1.09975
0.96233
0.721623
0.514216
0.369388
0.184223
0.0468467
0.0108365
0.140284
0.629012
0.686897
1.4727
1.52251
1.22456
1.71696
2.03536
2.18835
1.98079
0.996741
0.375875
0.244503
0.154513
0.0487239
0.0469565
0.1755
0.240277
0.247085
0.275187
0.565407
1.13617
1.47107
1.19124
0.874382
0.553856
0.368745
0.200578
0.0796835
0.0274247
0.00776307
0.00673246
0.0213765
0.0491017
0.147628
0.365749
0.584527
0.692225
0.463967
0.253626
0.333039
0.36052
0.227405
0.0975374
0.0550889
0.0156503
0.00278177
0.00582737
0.0247972
0.0579357
0.0592616
0.0854586
0.165718
0.227675
0.269172
0.172187
0.172291
0.152058
0.0822717
0.0401136
0.0225039
0.0076156
0.00321689
0.0136064
0.0405455
0.0781785
0.102336
0.217118
0.306582
0.312131
0.260094
0.142581
0.121838
0.13093
0.0942753
0.0446767
0.0164925
0.00470631
0.00364387
0.013601
0.0442274
0.0740517
0.081938
0.0883629
0.130314
0.149561
0.109769
0.107278
0.0919844
0.0576018
0.0369791
0.0183888
0.00912157
0.001823
0.00223041
0.00828153
0.02715
0.0457175
0.0798609
0.0914648
0.0878455
0.12364
0.123682
0.0996997
0.0911541
0.056816
0.0317619
0.0160146
0.00567481
0.00124737
0.00435319
0.0203098
0.0386831
0.0485352
0.0619627
0.0787368
0.0982618
0.107552
0.0984472
0.0951324
0.0706498
0.0701672
0.052948
0.0244106
0.00697111
0.00205501
0.00792093
0.0245386
0.0364117
0.0418467
0.0538286
0.0569738
0.05502
0.05905
0.0711569
0.0951398
0.0618911
0.0448499
0.0250302
0.0097531
0.00248572
0.0015737
0.00597725
0.0157585
0.0372329
0.0597824
0.0912682
0.106627
0.0946291
0.0712721
0.0518899
0.0334367
0.0203354
0.0134574
0.0106203
0.00575586
0.00155491
0.00161576
0.00517475
0.01016
0.0189909
0.0262758
0.0292791
0.0442998
0.0552899
0.0488039
0.0309789
0.0230632
0.0156521
0.00807756
0.00452645
0.00152065
0.00047725
0.00220554
0.00578005
0.00867691
0.012991
0.0137771
0.0200688
0.0323858
